ani_name:Armature|ArmatureAction;
ani_start_time:0.000000;
ani_end_time:2.458333;
ani_key_count:298;
{
 B:0;
 T:0.000000;
 M{
  1.000000,0.000000,0.000000,0.000000,0.000000,-0.000000,1.000000,0.000000,0.000000,-1.000000,-0.000000,0.000000,0.000000,0.000000,0.000000,1.000000,
 };
};
{
 B:1;
 T:0.000000;
 M{
  1.000000,0.000000,0.000000,0.000000,0.000000,1.000000,0.000000,0.000000,0.000000,0.000000,1.000000,0.000000,0.000000,1.000000,0.000000,1.000000,
 };
};
{
 B:0;
 T:0.016667;
 M{
  1.000000,0.000000,0.000000,0.000000,0.000000,-0.000000,1.000000,0.000000,0.000000,-1.000000,-0.000000,0.000000,0.000000,0.000000,0.000000,1.000000,
 };
};
{
 B:1;
 T:0.016667;
 M{
  1.000000,0.000004,0.000345,0.000000,-0.000003,0.999999,-0.001211,0.000000,-0.000345,0.001210,0.999999,0.000000,0.000000,1.000000,0.000000,1.000000,
 };
};
{
 B:0;
 T:0.033333;
 M{
  1.000000,0.000000,0.000000,0.000000,0.000000,-0.000000,1.000000,0.000000,0.000000,-1.000000,-0.000000,0.000000,0.000000,0.000000,0.000000,1.000000,
 };
};
{
 B:1;
 T:0.033333;
 M{
  1.000000,0.000008,0.000690,0.000000,-0.000006,0.999997,-0.002421,0.000000,-0.000690,0.002421,0.999997,0.000000,0.000000,1.000000,0.000000,1.000000,
 };
};
{
 B:0;
 T:0.050000;
 M{
  1.000000,0.000000,0.000000,0.000000,0.000000,-0.000000,1.000000,0.000000,0.000000,-1.000000,-0.000000,0.000000,0.000000,0.000000,0.000000,1.000000,
 };
};
{
 B:1;
 T:0.050000;
 M{
  0.999999,0.000018,0.001365,0.000000,-0.000012,0.999989,-0.004788,0.000000,-0.001365,0.004788,0.999988,0.000000,0.000000,1.000000,0.000000,1.000000,
 };
};
{
 B:0;
 T:0.066667;
 M{
  1.000000,0.000000,0.000000,0.000000,0.000000,-0.000000,1.000000,0.000000,0.000000,-1.000000,-0.000000,0.000000,0.000000,0.000000,0.000000,1.000000,
 };
};
{
 B:1;
 T:0.066667;
 M{
  0.999997,0.000035,0.002369,0.000000,-0.000016,0.999965,-0.008310,0.000000,-0.002369,0.008310,0.999963,0.000000,0.000000,1.000000,0.000000,1.000000,
 };
};
{
 B:0;
 T:0.083333;
 M{
  1.000000,0.000000,0.000000,0.000000,0.000000,-0.000000,1.000000,0.000000,0.000000,-1.000000,-0.000000,0.000000,0.000000,0.000000,0.000000,1.000000,
 };
};
{
 B:1;
 T:0.083333;
 M{
  0.999994,0.000052,0.003373,0.000000,-0.000013,0.999930,-0.011833,0.000000,-0.003374,0.011833,0.999924,0.000000,0.000000,1.000000,0.000000,1.000000,
 };
};
{
 B:0;
 T:0.100000;
 M{
  1.000000,0.000000,0.000000,0.000000,0.000000,-0.000000,1.000000,0.000000,0.000000,-1.000000,-0.000000,0.000000,0.000000,0.000000,0.000000,1.000000,
 };
};
{
 B:1;
 T:0.100000;
 M{
  0.999988,0.000099,0.004991,0.000000,-0.000011,0.999847,-0.017510,0.000000,-0.004992,0.017510,0.999834,0.000000,0.000000,1.000000,0.000000,1.000000,
 };
};
{
 B:0;
 T:0.116667;
 M{
  1.000000,0.000000,0.000000,0.000000,0.000000,-0.000000,1.000000,0.000000,0.000000,-1.000000,-0.000000,0.000000,0.000000,0.000000,0.000000,1.000000,
 };
};
{
 B:1;
 T:0.116667;
 M{
  0.999978,0.000145,0.006610,0.000000,0.000008,0.999731,-0.023186,0.000000,-0.006611,0.023186,0.999709,0.000000,0.000000,1.000000,0.000000,1.000000,
 };
};
{
 B:0;
 T:0.133333;
 M{
  1.000000,0.000000,0.000000,0.000000,0.000000,-0.000000,1.000000,0.000000,0.000000,-1.000000,-0.000000,0.000000,0.000000,0.000000,0.000000,1.000000,
 };
};
{
 B:1;
 T:0.133333;
 M{
  0.999964,0.000218,0.008512,0.000000,0.000037,0.999554,-0.029863,0.000000,-0.008515,0.029862,0.999518,0.000000,0.000000,1.000000,0.000000,1.000000,
 };
};
{
 B:0;
 T:0.150000;
 M{
  1.000000,0.000000,0.000000,0.000000,0.000000,-0.000000,1.000000,0.000000,0.000000,-1.000000,-0.000000,0.000000,0.000000,0.000000,0.000000,1.000000,
 };
};
{
 B:1;
 T:0.150000;
 M{
  0.999943,0.000317,0.010700,0.000000,0.000085,0.999295,-0.037540,0.000000,-0.010704,0.037538,0.999238,0.000000,0.000000,1.000000,0.000000,1.000000,
 };
};
{
 B:0;
 T:0.166667;
 M{
  1.000000,0.000000,0.000000,0.000000,0.000000,-0.000000,1.000000,0.000000,0.000000,-1.000000,-0.000000,0.000000,0.000000,0.000000,0.000000,1.000000,
 };
};
{
 B:1;
 T:0.166667;
 M{
  0.999917,0.000416,0.012888,0.000000,0.000167,0.998977,-0.045213,0.000000,-0.012893,0.045212,0.998894,0.000000,0.000000,1.000000,0.000000,1.000000,
 };
};
{
 B:0;
 T:0.183333;
 M{
  1.000000,0.000000,0.000000,0.000000,0.000000,-0.000000,1.000000,0.000000,0.000000,-1.000000,-0.000000,0.000000,0.000000,0.000000,0.000000,1.000000,
 };
};
{
 B:1;
 T:0.183333;
 M{
  0.999878,0.000597,0.015600,0.000000,0.000258,0.998501,-0.054737,0.000000,-0.015609,0.054734,0.998379,0.000000,0.000000,1.000000,0.000000,1.000000,
 };
};
{
 B:0;
 T:0.200000;
 M{
  1.000000,0.000000,0.000000,0.000000,0.000000,-0.000000,1.000000,0.000000,0.000000,-1.000000,-0.000000,0.000000,0.000000,0.000000,0.000000,1.000000,
 };
};
{
 B:1;
 T:0.200000;
 M{
  0.999832,0.000779,0.018312,0.000000,0.000400,0.997934,-0.064254,0.000000,-0.018324,0.064250,0.997766,0.000000,0.000000,1.000000,0.000000,1.000000,
 };
};
{
 B:0;
 T:0.216667;
 M{
  1.000000,0.000000,0.000000,0.000000,0.000000,-0.000000,1.000000,0.000000,0.000000,-1.000000,-0.000000,0.000000,0.000000,0.000000,0.000000,1.000000,
 };
};
{
 B:1;
 T:0.216667;
 M{
  0.999773,0.001018,0.021263,0.000000,0.000572,0.997212,-0.074615,0.000000,-0.021280,0.074611,0.996986,0.000000,0.000000,1.000000,0.000000,1.000000,
 };
};
{
 B:0;
 T:0.233333;
 M{
  1.000000,0.000000,0.000000,0.000000,0.000000,-0.000000,1.000000,0.000000,0.000000,-1.000000,-0.000000,0.000000,0.000000,0.000000,0.000000,1.000000,
 };
};
{
 B:1;
 T:0.233333;
 M{
  0.999700,0.001315,0.024453,0.000000,0.000789,0.996311,-0.085818,0.000000,-0.024476,0.085811,0.996011,0.000000,0.000000,1.000000,0.000000,1.000000,
 };
};
{
 B:0;
 T:0.250000;
 M{
  1.000000,0.000000,0.000000,0.000000,0.000000,-0.000000,1.000000,0.000000,0.000000,-1.000000,-0.000000,0.000000,0.000000,0.000000,0.000000,1.000000,
 };
};
{
 B:1;
 T:0.250000;
 M{
  0.999617,0.001611,0.027643,0.000000,0.001078,0.995283,-0.097006,0.000000,-0.027669,0.096999,0.994900,0.000000,0.000000,1.000000,0.000000,1.000000,
 };
};
{
 B:0;
 T:0.266667;
 M{
  1.000000,0.000000,0.000000,0.000000,0.000000,-0.000000,1.000000,0.000000,0.000000,-1.000000,-0.000000,0.000000,0.000000,0.000000,0.000000,1.000000,
 };
};
{
 B:1;
 T:0.266667;
 M{
  0.999509,0.002058,0.031262,0.000000,0.001385,0.993961,-0.109729,0.000000,-0.031299,0.109718,0.993470,0.000000,0.000000,1.000000,0.000000,1.000000,
 };
};
{
 B:0;
 T:0.283333;
 M{
  1.000000,0.000000,0.000000,0.000000,0.000000,-0.000000,1.000000,0.000000,0.000000,-1.000000,-0.000000,0.000000,0.000000,0.000000,0.000000,1.000000,
 };
};
{
 B:1;
 T:0.283333;
 M{
  0.999388,0.002505,0.034880,0.000000,0.001785,0.992476,-0.122429,0.000000,-0.034924,0.122416,0.991864,0.000000,0.000000,1.000000,0.000000,1.000000,
 };
};
{
 B:0;
 T:0.300000;
 M{
  1.000000,0.000000,0.000000,0.000000,0.000000,-0.000000,1.000000,0.000000,0.000000,-1.000000,-0.000000,0.000000,0.000000,0.000000,0.000000,1.000000,
 };
};
{
 B:1;
 T:0.300000;
 M{
  0.999247,0.003043,0.038685,0.000000,0.002240,0.990734,-0.135800,0.000000,-0.038740,0.135785,0.989981,0.000000,0.000000,1.000000,0.000000,1.000000,
 };
};
{
 B:0;
 T:0.316667;
 M{
  1.000000,0.000000,0.000000,0.000000,0.000000,-0.000000,1.000000,0.000000,0.000000,-1.000000,-0.000000,0.000000,0.000000,0.000000,0.000000,1.000000,
 };
};
{
 B:1;
 T:0.316667;
 M{
  0.999082,0.003674,0.042678,0.000000,0.002765,0.988707,-0.149835,0.000000,-0.042746,0.149816,0.987789,0.000000,0.000000,1.000000,0.000000,1.000000,
 };
};
{
 B:0;
 T:0.333333;
 M{
  1.000000,0.000000,0.000000,0.000000,0.000000,-0.000000,1.000000,0.000000,0.000000,-1.000000,-0.000000,0.000000,0.000000,0.000000,0.000000,1.000000,
 };
};
{
 B:1;
 T:0.333333;
 M{
  0.998901,0.004304,0.046670,0.000000,0.003404,0.986482,-0.163833,0.000000,-0.046744,0.163812,0.985384,0.000000,0.000000,1.000000,0.000000,1.000000,
 };
};
{
 B:0;
 T:0.350000;
 M{
  1.000000,0.000000,0.000000,0.000000,0.000000,-0.000000,1.000000,0.000000,0.000000,-1.000000,-0.000000,0.000000,0.000000,0.000000,0.000000,1.000000,
 };
};
{
 B:1;
 T:0.350000;
 M{
  0.998686,0.005150,0.050979,0.000000,0.004065,0.983838,-0.179015,0.000000,-0.051077,0.178987,0.982525,0.000000,0.000000,1.000000,0.000000,1.000000,
 };
};
{
 B:0;
 T:0.366667;
 M{
  1.000000,0.000000,0.000000,0.000000,0.000000,-0.000000,1.000000,0.000000,0.000000,-1.000000,-0.000000,0.000000,0.000000,0.000000,0.000000,1.000000,
 };
};
{
 B:1;
 T:0.366667;
 M{
  0.998452,0.005995,0.055288,0.000000,0.004861,0.980961,-0.194145,0.000000,-0.055399,0.194113,0.979414,0.000000,0.000000,1.000000,0.000000,1.000000,
 };
};
{
 B:0;
 T:0.383333;
 M{
  1.000000,0.000000,0.000000,0.000000,0.000000,-0.000000,1.000000,0.000000,0.000000,-1.000000,-0.000000,0.000000,0.000000,0.000000,0.000000,1.000000,
 };
};
{
 B:1;
 T:0.383333;
 M{
  0.998191,0.006961,0.059724,0.000000,0.005731,0.977739,-0.209746,0.000000,-0.059854,0.209709,0.975930,0.000000,0.000000,1.000000,0.000000,1.000000,
 };
};
{
 B:0;
 T:0.400000;
 M{
  1.000000,0.000000,0.000000,0.000000,0.000000,-0.000000,1.000000,0.000000,0.000000,-1.000000,-0.000000,0.000000,0.000000,0.000000,0.000000,1.000000,
 };
};
{
 B:1;
 T:0.400000;
 M{
  0.997899,0.008047,0.064287,0.000000,0.006691,0.974149,-0.225807,0.000000,-0.064442,0.225763,0.972048,0.000000,0.000000,1.000000,0.000000,1.000000,
 };
};
{
 B:0;
 T:0.416667;
 M{
  1.000000,0.000000,0.000000,0.000000,0.000000,-0.000000,1.000000,0.000000,0.000000,-1.000000,-0.000000,0.000000,0.000000,0.000000,0.000000,1.000000,
 };
};
{
 B:1;
 T:0.416667;
 M{
  0.997585,0.009133,0.068849,0.000000,0.007804,0.970297,-0.241792,0.000000,-0.069012,0.241746,0.967882,0.000000,0.000000,1.000000,0.000000,1.000000,
 };
};
{
 B:1;
 T:0.433333;
 M{
  0.997233,0.010480,0.073600,0.000000,0.008932,0.965950,-0.258574,0.000000,-0.073804,0.258516,0.963183,0.000000,0.000000,1.000000,0.000000,1.000000,
 };
};
{
 B:0;
 T:0.433333;
 M{
  1.000000,0.000000,0.000000,0.000000,0.000000,-0.000000,1.000000,0.000000,0.000000,-1.000000,-0.000000,0.000000,0.000000,0.000000,0.000000,1.000000,
 };
};
{
 B:1;
 T:0.450000;
 M{
  0.996856,0.011827,0.078350,0.000000,0.010229,0.961316,-0.275259,0.000000,-0.078574,0.275195,0.958172,0.000000,0.000000,1.000000,0.000000,1.000000,
 };
};
{
 B:0;
 T:0.450000;
 M{
  1.000000,0.000000,0.000000,0.000000,0.000000,-0.000000,1.000000,0.000000,0.000000,-1.000000,-0.000000,0.000000,0.000000,0.000000,0.000000,1.000000,
 };
};
{
 B:1;
 T:0.466667;
 M{
  0.996447,0.013309,0.083159,0.000000,0.011612,0.956289,-0.292191,0.000000,-0.083413,0.292119,0.952738,0.000000,0.000000,1.000000,0.000000,1.000000,
 };
};
{
 B:0;
 T:0.466667;
 M{
  1.000000,0.000000,0.000000,0.000000,0.000000,-0.000000,1.000000,0.000000,0.000000,-1.000000,-0.000000,0.000000,0.000000,0.000000,0.000000,1.000000,
 };
};
{
 B:1;
 T:0.483334;
 M{
  0.996006,0.014928,0.088028,0.000000,0.013090,0.950856,-0.309356,0.000000,-0.088320,0.309273,0.946863,0.000000,0.000000,1.000000,0.000000,1.000000,
 };
};
{
 B:0;
 T:0.483334;
 M{
  1.000000,0.000000,0.000000,0.000000,0.000000,-0.000000,1.000000,0.000000,0.000000,-1.000000,-0.000000,0.000000,0.000000,0.000000,0.000000,1.000000,
 };
};
{
 B:1;
 T:0.500000;
 M{
  0.995538,0.016544,0.092895,0.000000,0.014750,0.945118,-0.326397,0.000000,-0.093197,0.326311,0.940657,0.000000,0.000000,1.000000,0.000000,1.000000,
 };
};
{
 B:0;
 T:0.500000;
 M{
  1.000000,0.000000,0.000000,0.000000,0.000000,-0.000000,1.000000,0.000000,0.000000,-1.000000,-0.000000,0.000000,0.000000,0.000000,0.000000,1.000000,
 };
};
{
 B:1;
 T:0.516667;
 M{
  0.995034,0.018436,0.097813,0.000000,0.016402,0.938893,-0.343818,0.000000,-0.098174,0.343715,0.933928,0.000000,0.000000,1.000000,0.000000,1.000000,
 };
};
{
 B:0;
 T:0.516667;
 M{
  1.000000,0.000000,0.000000,0.000000,0.000000,-0.000000,1.000000,0.000000,0.000000,-1.000000,-0.000000,0.000000,0.000000,0.000000,0.000000,1.000000,
 };
};
{
 B:1;
 T:0.533333;
 M{
  0.994502,0.020325,0.102729,0.000000,0.018245,0.932352,-0.361092,0.000000,-0.103118,0.360981,0.926854,0.000000,0.000000,1.000000,0.000000,1.000000,
 };
};
{
 B:0;
 T:0.533333;
 M{
  1.000000,0.000000,0.000000,0.000000,0.000000,-0.000000,1.000000,0.000000,0.000000,-1.000000,-0.000000,0.000000,0.000000,0.000000,0.000000,1.000000,
 };
};
{
 B:1;
 T:0.550000;
 M{
  0.993939,0.022346,0.107633,0.000000,0.020168,0.925431,-0.378378,0.000000,-0.108063,0.378256,0.919372,0.000000,0.000000,1.000000,0.000000,1.000000,
 };
};
{
 B:0;
 T:0.550000;
 M{
  1.000000,0.000000,0.000000,0.000000,0.000000,-0.000000,1.000000,0.000000,0.000000,-1.000000,-0.000000,0.000000,0.000000,0.000000,0.000000,1.000000,
 };
};
{
 B:1;
 T:0.566667;
 M{
  0.993347,0.024499,0.112528,0.000000,0.022177,0.918128,-0.395664,0.000000,-0.113008,0.395527,0.911476,0.000000,0.000000,1.000000,0.000000,1.000000,
 };
};
{
 B:0;
 T:0.566667;
 M{
  1.000000,0.000000,0.000000,0.000000,0.000000,-0.000000,1.000000,0.000000,0.000000,-1.000000,-0.000000,0.000000,0.000000,0.000000,0.000000,1.000000,
 };
};
{
 B:1;
 T:0.583333;
 M{
  0.992725,0.026649,0.117419,0.000000,0.024381,0.910506,-0.412776,0.000000,-0.117911,0.412635,0.903232,0.000000,0.000000,1.000000,0.000000,1.000000,
 };
};
{
 B:0;
 T:0.583333;
 M{
  1.000000,0.000000,0.000000,0.000000,0.000000,-0.000000,1.000000,0.000000,0.000000,-1.000000,-0.000000,0.000000,0.000000,0.000000,0.000000,1.000000,
 };
};
{
 B:0;
 T:0.600000;
 M{
  1.000000,0.000000,0.000000,0.000000,0.000000,-0.000000,1.000000,0.000000,0.000000,-1.000000,-0.000000,0.000000,0.000000,0.000000,0.000000,1.000000,
 };
};
{
 B:1;
 T:0.600000;
 M{
  0.992077,0.029046,0.122225,0.000000,0.026535,0.902509,-0.429853,0.000000,-0.122795,0.429691,0.894588,0.000000,0.000000,1.000000,0.000000,1.000000,
 };
};
{
 B:0;
 T:0.616667;
 M{
  1.000000,0.000000,0.000000,0.000000,0.000000,-0.000000,1.000000,0.000000,0.000000,-1.000000,-0.000000,0.000000,0.000000,0.000000,0.000000,1.000000,
 };
};
{
 B:1;
 T:0.616667;
 M{
  0.991401,0.031438,0.127028,0.000000,0.028885,0.894197,-0.446741,0.000000,-0.127633,0.446569,0.885599,0.000000,0.000000,1.000000,0.000000,1.000000,
 };
};
{
 B:0;
 T:0.633333;
 M{
  1.000000,0.000000,0.000000,0.000000,0.000000,-0.000000,1.000000,0.000000,0.000000,-1.000000,-0.000000,0.000000,0.000000,0.000000,0.000000,1.000000,
 };
};
{
 B:1;
 T:0.633333;
 M{
  0.990701,0.033937,0.131755,0.000000,0.031294,0.885588,-0.463417,0.000000,-0.132408,0.463231,0.876291,0.000000,0.000000,1.000000,0.000000,1.000000,
 };
};
{
 B:0;
 T:0.650000;
 M{
  1.000000,0.000000,0.000000,0.000000,0.000000,-0.000000,1.000000,0.000000,0.000000,-1.000000,-0.000000,0.000000,0.000000,0.000000,0.000000,1.000000,
 };
};
{
 B:1;
 T:0.650000;
 M{
  0.989979,0.036542,0.136407,0.000000,0.033760,0.876687,-0.479875,0.000000,-0.137122,0.479671,0.866668,0.000000,0.000000,1.000000,0.000000,1.000000,
 };
};
{
 B:0;
 T:0.666667;
 M{
  1.000000,0.000000,0.000000,0.000000,0.000000,-0.000000,1.000000,0.000000,0.000000,-1.000000,-0.000000,0.000000,0.000000,0.000000,0.000000,1.000000,
 };
};
{
 B:1;
 T:0.666667;
 M{
  0.989228,0.039143,0.141055,0.000000,0.036417,0.867487,-0.496124,0.000000,-0.141783,0.495917,0.856717,0.000000,0.000000,1.000000,0.000000,1.000000,
 };
};
{
 B:0;
 T:0.683333;
 M{
  1.000000,0.000000,0.000000,0.000000,0.000000,-0.000000,1.000000,0.000000,0.000000,-1.000000,-0.000000,0.000000,0.000000,0.000000,0.000000,1.000000,
 };
};
{
 B:1;
 T:0.683333;
 M{
  0.988470,0.041919,0.145498,0.000000,0.038967,0.858123,-0.511963,0.000000,-0.146316,0.511730,0.846596,0.000000,0.000000,1.000000,0.000000,1.000000,
 };
};
{
 B:0;
 T:0.700000;
 M{
  1.000000,0.000000,0.000000,0.000000,0.000000,-0.000000,1.000000,0.000000,0.000000,-1.000000,-0.000000,0.000000,0.000000,0.000000,0.000000,1.000000,
 };
};
{
 B:1;
 T:0.700000;
 M{
  0.987685,0.044691,0.149938,0.000000,0.041699,0.848478,-0.527585,0.000000,-0.150798,0.527340,0.836165,0.000000,0.000000,1.000000,0.000000,1.000000,
 };
};
{
 B:0;
 T:0.716667;
 M{
  1.000000,0.000000,0.000000,0.000000,0.000000,-0.000000,1.000000,0.000000,0.000000,-1.000000,-0.000000,0.000000,0.000000,0.000000,0.000000,1.000000,
 };
};
{
 B:1;
 T:0.716667;
 M{
  0.986888,0.047524,0.154250,0.000000,0.044454,0.838678,-0.542810,0.000000,-0.155162,0.542550,0.825569,0.000000,0.000000,1.000000,0.000000,1.000000,
 };
};
{
 B:0;
 T:0.733333;
 M{
  1.000000,0.000000,0.000000,0.000000,0.000000,-0.000000,1.000000,0.000000,0.000000,-1.000000,-0.000000,0.000000,0.000000,0.000000,0.000000,1.000000,
 };
};
{
 B:1;
 T:0.733333;
 M{
  0.986082,0.050417,0.158433,0.000000,0.047223,0.828738,-0.557640,0.000000,-0.159414,0.557361,0.814823,0.000000,0.000000,1.000000,0.000000,1.000000,
 };
};
{
 B:0;
 T:0.750000;
 M{
  1.000000,0.000000,0.000000,0.000000,0.000000,-0.000000,1.000000,0.000000,0.000000,-1.000000,-0.000000,0.000000,0.000000,0.000000,0.000000,1.000000,
 };
};
{
 B:1;
 T:0.750000;
 M{
  0.985249,0.053306,0.162613,0.000000,0.050162,0.818545,-0.572249,0.000000,-0.163610,0.571964,0.803796,0.000000,0.000000,1.000000,0.000000,1.000000,
 };
};
{
 B:0;
 T:0.766667;
 M{
  1.000000,0.000000,0.000000,0.000000,0.000000,-0.000000,1.000000,0.000000,0.000000,-1.000000,-0.000000,0.000000,0.000000,0.000000,0.000000,1.000000,
 };
};
{
 B:1;
 T:0.766667;
 M{
  0.984435,0.056266,0.166499,0.000000,0.052926,0.808479,-0.586140,0.000000,-0.167591,0.585829,0.792917,0.000000,0.000000,1.000000,0.000000,1.000000,
 };
};
{
 B:0;
 T:0.783333;
 M{
  1.000000,0.000000,0.000000,0.000000,0.000000,-0.000000,1.000000,0.000000,0.000000,-1.000000,-0.000000,0.000000,0.000000,0.000000,0.000000,1.000000,
 };
};
{
 B:1;
 T:0.783333;
 M{
  0.983597,0.059220,0.170382,0.000000,0.055845,0.798186,-0.599817,0.000000,-0.171518,0.599493,0.781786,0.000000,0.000000,1.000000,0.000000,1.000000,
 };
};
{
 B:0;
 T:0.800000;
 M{
  1.000000,0.000000,0.000000,0.000000,0.000000,-0.000000,1.000000,0.000000,0.000000,-1.000000,-0.000000,0.000000,0.000000,0.000000,0.000000,1.000000,
 };
};
{
 B:1;
 T:0.800000;
 M{
  0.982763,0.062178,0.174102,0.000000,0.058739,0.787926,-0.612962,0.000000,-0.175292,0.612623,0.770692,0.000000,0.000000,1.000000,0.000000,1.000000,
 };
};
{
 B:0;
 T:0.816667;
 M{
  1.000000,0.000000,0.000000,0.000000,0.000000,-0.000000,1.000000,0.000000,0.000000,-1.000000,-0.000000,0.000000,0.000000,0.000000,0.000000,1.000000,
 };
};
{
 B:1;
 T:0.816667;
 M{
  0.981934,0.065138,0.177657,0.000000,0.061594,0.777717,-0.625589,0.000000,-0.178916,0.625230,0.759655,0.000000,0.000000,1.000000,0.000000,1.000000,
 };
};
{
 B:0;
 T:0.833333;
 M{
  1.000000,0.000000,0.000000,0.000000,0.000000,-0.000000,1.000000,0.000000,0.000000,-1.000000,-0.000000,0.000000,0.000000,0.000000,0.000000,1.000000,
 };
};
{
 B:1;
 T:0.833333;
 M{
  0.981084,0.068093,0.181210,0.000000,0.064587,0.767314,-0.638010,0.000000,-0.182489,0.637646,0.748402,0.000000,0.000000,1.000000,0.000000,1.000000,
 };
};
{
 B:0;
 T:0.850000;
 M{
  1.000000,0.000000,0.000000,0.000000,0.000000,-0.000000,1.000000,0.000000,0.000000,-1.000000,-0.000000,0.000000,0.000000,0.000000,0.000000,1.000000,
 };
};
{
 B:1;
 T:0.850000;
 M{
  0.980281,0.070995,0.184415,0.000000,0.067334,0.757380,-0.649493,0.000000,-0.185783,0.649103,0.737665,0.000000,0.000000,1.000000,0.000000,1.000000,
 };
};
{
 B:0;
 T:0.866666;
 M{
  1.000000,0.000000,0.000000,0.000000,0.000000,-0.000000,1.000000,0.000000,0.000000,-1.000000,-0.000000,0.000000,0.000000,0.000000,0.000000,1.000000,
 };
};
{
 B:1;
 T:0.866666;
 M{
  0.979459,0.073892,0.187619,0.000000,0.070200,0.747282,-0.660788,0.000000,-0.189031,0.660386,0.726745,0.000000,0.000000,1.000000,0.000000,1.000000,
 };
};
{
 B:0;
 T:0.883333;
 M{
  1.000000,0.000000,0.000000,0.000000,0.000000,-0.000000,1.000000,0.000000,0.000000,-1.000000,-0.000000,0.000000,0.000000,0.000000,0.000000,1.000000,
 };
};
{
 B:1;
 T:0.883333;
 M{
  0.978657,0.076728,0.190640,0.000000,0.072987,0.737423,-0.671476,0.000000,-0.192103,0.671059,0.716084,0.000000,0.000000,1.000000,0.000000,1.000000,
 };
};
{
 B:0;
 T:0.900000;
 M{
  1.000000,0.000000,0.000000,0.000000,0.000000,-0.000000,1.000000,0.000000,0.000000,-1.000000,-0.000000,0.000000,0.000000,0.000000,0.000000,1.000000,
 };
};
{
 B:1;
 T:0.900000;
 M{
  0.977878,0.079502,0.193479,0.000000,0.075681,0.727824,-0.681575,0.000000,-0.195006,0.681140,0.705706,0.000000,0.000000,1.000000,0.000000,1.000000,
 };
};
{
 B:1;
 T:0.916666;
 M{
  0.977083,0.082273,0.196317,0.000000,0.078474,0.718093,-0.691509,0.000000,-0.197866,0.691067,0.695180,0.000000,0.000000,1.000000,0.000000,1.000000,
 };
};
{
 B:0;
 T:0.916666;
 M{
  1.000000,0.000000,0.000000,0.000000,0.000000,-0.000000,1.000000,0.000000,0.000000,-1.000000,-0.000000,0.000000,0.000000,0.000000,0.000000,1.000000,
 };
};
{
 B:1;
 T:0.933333;
 M{
  0.976362,0.084861,0.198785,0.000000,0.080952,0.709185,-0.700359,0.000000,-0.200408,0.699896,0.685552,0.000000,0.000000,1.000000,0.000000,1.000000,
 };
};
{
 B:0;
 T:0.933333;
 M{
  1.000000,0.000000,0.000000,0.000000,0.000000,-0.000000,1.000000,0.000000,0.000000,-1.000000,-0.000000,0.000000,0.000000,0.000000,0.000000,1.000000,
 };
};
{
 B:1;
 T:0.950000;
 M{
  0.975629,0.087446,0.201251,0.000000,0.083509,0.700175,-0.709071,0.000000,-0.202916,0.708596,0.675808,0.000000,0.000000,1.000000,0.000000,1.000000,
 };
};
{
 B:0;
 T:0.950000;
 M{
  1.000000,0.000000,0.000000,0.000000,0.000000,-0.000000,1.000000,0.000000,0.000000,-1.000000,-0.000000,0.000000,0.000000,0.000000,0.000000,1.000000,
 };
};
{
 B:1;
 T:0.966666;
 M{
  0.974932,0.089906,0.203531,0.000000,0.085935,0.691609,-0.717141,0.000000,-0.205239,0.716654,0.666546,0.000000,0.000000,1.000000,0.000000,1.000000,
 };
};
{
 B:0;
 T:0.966666;
 M{
  1.000000,0.000000,0.000000,0.000000,0.000000,-0.000000,1.000000,0.000000,0.000000,-1.000000,-0.000000,0.000000,0.000000,0.000000,0.000000,1.000000,
 };
};
{
 B:1;
 T:0.983333;
 M{
  0.974274,0.092242,0.205624,0.000000,0.088215,0.683507,-0.724594,0.000000,-0.207384,0.724092,0.657786,0.000000,0.000000,1.000000,0.000000,1.000000,
 };
};
{
 B:0;
 T:0.983333;
 M{
  1.000000,0.000000,0.000000,0.000000,0.000000,-0.000000,1.000000,0.000000,0.000000,-1.000000,-0.000000,0.000000,0.000000,0.000000,0.000000,1.000000,
 };
};
{
 B:1;
 T:1.000000;
 M{
  0.973606,0.094576,0.207716,0.000000,0.090555,0.675330,-0.731936,0.000000,-0.209500,0.731427,0.648941,0.000000,0.000000,1.000000,0.000000,1.000000,
 };
};
{
 B:0;
 T:1.000000;
 M{
  1.000000,0.000000,0.000000,0.000000,0.000000,-0.000000,1.000000,0.000000,0.000000,-1.000000,-0.000000,0.000000,0.000000,0.000000,0.000000,1.000000,
 };
};
{
 B:1;
 T:1.016666;
 M{
  0.973039,0.096604,0.209435,0.000000,0.092516,0.668319,-0.738099,0.000000,-0.211273,0.737575,0.641363,0.000000,0.000000,1.000000,0.000000,1.000000,
 };
};
{
 B:0;
 T:1.016666;
 M{
  1.000000,0.000000,0.000000,0.000000,0.000000,-0.000000,1.000000,0.000000,0.000000,-1.000000,-0.000000,0.000000,0.000000,0.000000,0.000000,1.000000,
 };
};
{
 B:0;
 T:1.033333;
 M{
  1.000000,0.000000,0.000000,0.000000,0.000000,-0.000000,1.000000,0.000000,0.000000,-1.000000,-0.000000,0.000000,0.000000,0.000000,0.000000,1.000000,
 };
};
{
 B:1;
 T:1.033333;
 M{
  0.972464,0.098630,0.211154,0.000000,0.094520,0.661256,-0.744182,0.000000,-0.213026,0.743648,0.633725,0.000000,0.000000,1.000000,0.000000,1.000000,
 };
};
{
 B:0;
 T:1.050000;
 M{
  1.000000,0.000000,0.000000,0.000000,0.000000,-0.000000,1.000000,0.000000,0.000000,-1.000000,-0.000000,0.000000,0.000000,0.000000,0.000000,1.000000,
 };
};
{
 B:1;
 T:1.050000;
 M{
  0.971941,0.100474,0.212687,0.000000,0.096342,0.654830,-0.749610,0.000000,-0.214590,0.749068,0.626776,0.000000,0.000000,1.000000,0.000000,1.000000,
 };
};
{
 B:0;
 T:1.066666;
 M{
  1.000000,0.000000,0.000000,0.000000,0.000000,-0.000000,1.000000,0.000000,0.000000,-1.000000,-0.000000,0.000000,0.000000,0.000000,0.000000,1.000000,
 };
};
{
 B:1;
 T:1.066666;
 M{
  0.971472,0.102137,0.214033,0.000000,0.097971,0.649055,-0.754407,0.000000,-0.215972,0.753854,0.620533,0.000000,0.000000,1.000000,0.000000,1.000000,
 };
};
{
 B:0;
 T:1.083333;
 M{
  1.000000,0.000000,0.000000,0.000000,0.000000,-0.000000,1.000000,0.000000,0.000000,-1.000000,-0.000000,0.000000,0.000000,0.000000,0.000000,1.000000,
 };
};
{
 B:1;
 T:1.083333;
 M{
  0.970998,0.103797,0.215379,0.000000,0.099627,0.643247,-0.759149,0.000000,-0.217340,0.758590,0.614251,0.000000,0.000000,1.000000,0.000000,1.000000,
 };
};
{
 B:0;
 T:1.100000;
 M{
  1.000000,0.000000,0.000000,0.000000,0.000000,-0.000000,1.000000,0.000000,0.000000,-1.000000,-0.000000,0.000000,0.000000,0.000000,0.000000,1.000000,
 };
};
{
 B:1;
 T:1.100000;
 M{
  0.970648,0.105043,0.216352,0.000000,0.100842,0.638927,-0.762629,0.000000,-0.218342,0.762062,0.609581,0.000000,0.000000,1.000000,0.000000,1.000000,
 };
};
{
 B:0;
 T:1.116666;
 M{
  1.000000,0.000000,0.000000,0.000000,0.000000,-0.000000,1.000000,0.000000,0.000000,-1.000000,-0.000000,0.000000,0.000000,0.000000,0.000000,1.000000,
 };
};
{
 B:1;
 T:1.116666;
 M{
  0.970295,0.106288,0.217325,0.000000,0.102071,0.634590,-0.766079,0.000000,-0.219337,0.765506,0.604890,0.000000,0.000000,1.000000,0.000000,1.000000,
 };
};
{
 B:0;
 T:1.133333;
 M{
  1.000000,0.000000,0.000000,0.000000,0.000000,-0.000000,1.000000,0.000000,0.000000,-1.000000,-0.000000,0.000000,0.000000,0.000000,0.000000,1.000000,
 };
};
{
 B:1;
 T:1.133333;
 M{
  0.970008,0.107299,0.218109,0.000000,0.103073,0.631061,-0.768855,0.000000,-0.220137,0.768277,0.601074,0.000000,0.000000,1.000000,0.000000,1.000000,
 };
};
{
 B:0;
 T:1.150000;
 M{
  1.000000,0.000000,0.000000,0.000000,0.000000,-0.000000,1.000000,0.000000,0.000000,-1.000000,-0.000000,0.000000,0.000000,0.000000,0.000000,1.000000,
 };
};
{
 B:1;
 T:1.150000;
 M{
  0.969788,0.108079,0.218703,0.000000,0.103839,0.628350,-0.770970,0.000000,-0.220747,0.770387,0.598143,0.000000,0.000000,1.000000,0.000000,1.000000,
 };
};
{
 B:0;
 T:1.166666;
 M{
  1.000000,0.000000,0.000000,0.000000,0.000000,-0.000000,1.000000,0.000000,0.000000,-1.000000,-0.000000,0.000000,0.000000,0.000000,0.000000,1.000000,
 };
};
{
 B:1;
 T:1.166666;
 M{
  0.969566,0.108858,0.219297,0.000000,0.104611,0.625632,-0.773073,0.000000,-0.221354,0.772486,0.595204,0.000000,0.000000,1.000000,0.000000,1.000000,
 };
};
{
 B:0;
 T:1.183333;
 M{
  1.000000,0.000000,0.000000,0.000000,0.000000,-0.000000,1.000000,0.000000,0.000000,-1.000000,-0.000000,0.000000,0.000000,0.000000,0.000000,1.000000,
 };
};
{
 B:1;
 T:1.183333;
 M{
  0.969490,0.109127,0.219499,0.000000,0.104876,0.624696,-0.773794,0.000000,-0.221562,0.773205,0.594192,0.000000,0.000000,1.000000,0.000000,1.000000,
 };
};
{
 B:0;
 T:1.200000;
 M{
  1.000000,0.000000,0.000000,0.000000,0.000000,-0.000000,1.000000,0.000000,0.000000,-1.000000,-0.000000,0.000000,0.000000,0.000000,0.000000,1.000000,
 };
};
{
 B:1;
 T:1.200000;
 M{
  0.969414,0.109396,0.219701,0.000000,0.105141,0.623759,-0.774513,0.000000,-0.221769,0.773923,0.593179,0.000000,0.000000,1.000000,0.000000,1.000000,
 };
};
{
 B:0;
 T:1.216666;
 M{
  1.000000,0.000000,0.000000,0.000000,0.000000,-0.000000,1.000000,0.000000,0.000000,-1.000000,-0.000000,0.000000,0.000000,0.000000,0.000000,1.000000,
 };
};
{
 B:1;
 T:1.216666;
 M{
  0.969412,0.109405,0.219708,0.000000,0.105149,0.623728,-0.774536,0.000000,-0.221776,0.773947,0.593146,0.000000,0.000000,1.000000,0.000000,1.000000,
 };
};
{
 B:0;
 T:1.233333;
 M{
  1.000000,0.000000,0.000000,0.000000,0.000000,-0.000000,1.000000,0.000000,0.000000,-1.000000,-0.000000,0.000000,0.000000,0.000000,0.000000,1.000000,
 };
};
{
 B:1;
 T:1.233333;
 M{
  0.969483,0.109153,0.219519,0.000000,0.104901,0.624605,-0.773864,0.000000,-0.221582,0.773275,0.594093,0.000000,0.000000,1.000000,0.000000,1.000000,
 };
};
{
 B:0;
 T:1.250000;
 M{
  1.000000,0.000000,0.000000,0.000000,0.000000,-0.000000,1.000000,0.000000,0.000000,-1.000000,-0.000000,0.000000,0.000000,0.000000,0.000000,1.000000,
 };
};
{
 B:1;
 T:1.250000;
 M{
  0.969554,0.108901,0.219329,0.000000,0.104654,0.625480,-0.773190,0.000000,-0.221388,0.772603,0.595039,0.000000,0.000000,1.000000,0.000000,1.000000,
 };
};
{
 B:0;
 T:1.266666;
 M{
  1.000000,0.000000,0.000000,0.000000,0.000000,-0.000000,1.000000,0.000000,0.000000,-1.000000,-0.000000,0.000000,0.000000,0.000000,0.000000,1.000000,
 };
};
{
 B:1;
 T:1.266666;
 M{
  0.969761,0.108172,0.218774,0.000000,0.103931,0.628025,-0.771222,0.000000,-0.220820,0.770639,0.597791,0.000000,0.000000,1.000000,0.000000,1.000000,
 };
};
{
 B:0;
 T:1.283333;
 M{
  1.000000,0.000000,0.000000,0.000000,0.000000,-0.000000,1.000000,0.000000,0.000000,-1.000000,-0.000000,0.000000,0.000000,0.000000,0.000000,1.000000,
 };
};
{
 B:1;
 T:1.283333;
 M{
  0.969968,0.107442,0.218218,0.000000,0.103214,0.630564,-0.769244,0.000000,-0.220250,0.768665,0.600537,0.000000,0.000000,1.000000,0.000000,1.000000,
 };
};
{
 B:0;
 T:1.299999;
 M{
  1.000000,0.000000,0.000000,0.000000,0.000000,-0.000000,1.000000,0.000000,0.000000,-1.000000,-0.000000,0.000000,0.000000,0.000000,0.000000,1.000000,
 };
};
{
 B:1;
 T:1.299999;
 M{
  0.970237,0.106494,0.217485,0.000000,0.102275,0.633871,-0.766647,0.000000,-0.219500,0.766072,0.604114,0.000000,0.000000,1.000000,0.000000,1.000000,
 };
};
{
 B:0;
 T:1.316666;
 M{
  1.000000,0.000000,0.000000,0.000000,0.000000,-0.000000,1.000000,0.000000,0.000000,-1.000000,-0.000000,0.000000,0.000000,0.000000,0.000000,1.000000,
 };
};
{
 B:1;
 T:1.316666;
 M{
  0.970568,0.105326,0.216575,0.000000,0.101122,0.637940,-0.763418,0.000000,-0.218570,0.762849,0.608513,0.000000,0.000000,1.000000,0.000000,1.000000,
 };
};
{
 B:0;
 T:1.333333;
 M{
  1.000000,0.000000,0.000000,0.000000,0.000000,-0.000000,1.000000,0.000000,0.000000,-1.000000,-0.000000,0.000000,0.000000,0.000000,0.000000,1.000000,
 };
};
{
 B:1;
 T:1.333333;
 M{
  0.970896,0.104158,0.215665,0.000000,0.099982,0.641993,-0.760163,0.000000,-0.217632,0.759602,0.612895,0.000000,0.000000,1.000000,0.000000,1.000000,
 };
};
{
 B:0;
 T:1.349999;
 M{
  1.000000,0.000000,0.000000,0.000000,0.000000,-0.000000,1.000000,0.000000,0.000000,-1.000000,-0.000000,0.000000,0.000000,0.000000,0.000000,1.000000,
 };
};
{
 B:1;
 T:1.349999;
 M{
  0.971341,0.102596,0.214405,0.000000,0.098426,0.647451,-0.755724,0.000000,-0.216352,0.755169,0.618798,0.000000,0.000000,1.000000,0.000000,1.000000,
 };
};
{
 B:0;
 T:1.366666;
 M{
  1.000000,0.000000,0.000000,0.000000,0.000000,-0.000000,1.000000,0.000000,0.000000,-1.000000,-0.000000,0.000000,0.000000,0.000000,0.000000,1.000000,
 };
};
{
 B:1;
 T:1.366666;
 M{
  0.971782,0.101034,0.213146,0.000000,0.096894,0.652880,-0.751238,0.000000,-0.215059,0.750693,0.624668,0.000000,0.000000,1.000000,0.000000,1.000000,
 };
};
{
 B:0;
 T:1.383333;
 M{
  1.000000,0.000000,0.000000,0.000000,0.000000,-0.000000,1.000000,0.000000,0.000000,-1.000000,-0.000000,0.000000,0.000000,0.000000,0.000000,1.000000,
 };
};
{
 B:1;
 T:1.383333;
 M{
  0.972275,0.099298,0.211712,0.000000,0.095180,0.658928,-0.746160,0.000000,-0.213596,0.745623,0.631208,0.000000,0.000000,1.000000,0.000000,1.000000,
 };
};
{
 B:0;
 T:1.399999;
 M{
  1.000000,0.000000,0.000000,0.000000,0.000000,-0.000000,1.000000,0.000000,0.000000,-1.000000,-0.000000,0.000000,0.000000,0.000000,0.000000,1.000000,
 };
};
{
 B:1;
 T:1.399999;
 M{
  0.972816,0.097389,0.210105,0.000000,0.093292,0.665584,-0.740470,0.000000,-0.211956,0.739942,0.638405,0.000000,0.000000,1.000000,0.000000,1.000000,
 };
};
{
 B:0;
 T:1.416666;
 M{
  1.000000,0.000000,0.000000,0.000000,0.000000,-0.000000,1.000000,0.000000,0.000000,-1.000000,-0.000000,0.000000,0.000000,0.000000,0.000000,1.000000,
 };
};
{
 B:1;
 T:1.416666;
 M{
  0.973351,0.095478,0.208497,0.000000,0.091442,0.672192,-0.734708,0.000000,-0.210298,0.734194,0.645549,0.000000,0.000000,1.000000,0.000000,1.000000,
 };
};
{
 B:0;
 T:1.433333;
 M{
  1.000000,0.000000,0.000000,0.000000,0.000000,-0.000000,1.000000,0.000000,0.000000,-1.000000,-0.000000,0.000000,0.000000,0.000000,0.000000,1.000000,
 };
};
{
 B:1;
 T:1.433333;
 M{
  0.973982,0.093273,0.206541,0.000000,0.089232,0.679918,-0.727839,0.000000,-0.208318,0.727332,0.653905,0.000000,0.000000,1.000000,0.000000,1.000000,
 };
};
{
 B:0;
 T:1.449999;
 M{
  1.000000,0.000000,0.000000,0.000000,0.000000,-0.000000,1.000000,0.000000,0.000000,-1.000000,-0.000000,0.000000,0.000000,0.000000,0.000000,1.000000,
 };
};
{
 B:1;
 T:1.449999;
 M{
  0.974604,0.091064,0.204584,0.000000,0.087076,0.687577,-0.720872,0.000000,-0.206313,0.720379,0.662185,0.000000,0.000000,1.000000,0.000000,1.000000,
 };
};
{
 B:0;
 T:1.466666;
 M{
  1.000000,0.000000,0.000000,0.000000,0.000000,-0.000000,1.000000,0.000000,0.000000,-1.000000,-0.000000,0.000000,0.000000,0.000000,0.000000,1.000000,
 };
};
{
 B:1;
 T:1.466666;
 M{
  0.975264,0.088735,0.202453,0.000000,0.084780,0.695687,-0.713325,0.000000,-0.204141,0.712843,0.670955,0.000000,0.000000,1.000000,0.000000,1.000000,
 };
};
{
 B:0;
 T:1.483333;
 M{
  1.000000,0.000000,0.000000,0.000000,0.000000,-0.000000,1.000000,0.000000,0.000000,-1.000000,-0.000000,0.000000,0.000000,0.000000,0.000000,1.000000,
 };
};
{
 B:1;
 T:1.483333;
 M{
  0.975959,0.086284,0.200147,0.000000,0.082355,0.704232,-0.705177,0.000000,-0.201795,0.704707,0.680196,0.000000,0.000000,1.000000,0.000000,1.000000,
 };
};
{
 B:0;
 T:1.499999;
 M{
  1.000000,0.000000,0.000000,0.000000,0.000000,-0.000000,1.000000,0.000000,0.000000,-1.000000,-0.000000,0.000000,0.000000,0.000000,0.000000,1.000000,
 };
};
{
 B:1;
 T:1.499999;
 M{
  0.976643,0.083829,0.197839,0.000000,0.080000,0.712686,-0.696906,0.000000,-0.199418,0.696456,0.689334,0.000000,0.000000,1.000000,0.000000,1.000000,
 };
};
{
 B:0;
 T:1.516666;
 M{
  1.000000,0.000000,0.000000,0.000000,0.000000,-0.000000,1.000000,0.000000,0.000000,-1.000000,-0.000000,0.000000,0.000000,0.000000,0.000000,1.000000,
 };
};
{
 B:1;
 T:1.516666;
 M{
  0.977400,0.081190,0.195186,0.000000,0.077344,0.721948,-0.687611,0.000000,-0.196741,0.687167,0.699353,0.000000,0.000000,1.000000,0.000000,1.000000,
 };
};
{
 B:0;
 T:1.533333;
 M{
  1.000000,0.000000,0.000000,0.000000,0.000000,-0.000000,1.000000,0.000000,0.000000,-1.000000,-0.000000,0.000000,0.000000,0.000000,0.000000,1.000000,
 };
};
{
 B:1;
 T:1.533333;
 M{
  0.978142,0.078548,0.192531,0.000000,0.074776,0.731095,-0.678166,0.000000,-0.194026,0.677739,0.709241,0.000000,0.000000,1.000000,0.000000,1.000000,
 };
};
{
 B:0;
 T:1.549999;
 M{
  1.000000,0.000000,0.000000,0.000000,0.000000,-0.000000,1.000000,0.000000,0.000000,-1.000000,-0.000000,0.000000,0.000000,0.000000,0.000000,1.000000,
 };
};
{
 B:1;
 T:1.549999;
 M{
  0.978908,0.075840,0.189704,0.000000,0.072115,0.740510,-0.668166,0.000000,-0.191152,0.667753,0.719421,0.000000,0.000000,1.000000,0.000000,1.000000,
 };
};
{
 B:0;
 T:1.566666;
 M{
  1.000000,0.000000,0.000000,0.000000,0.000000,-0.000000,1.000000,0.000000,0.000000,-1.000000,-0.000000,0.000000,0.000000,0.000000,0.000000,1.000000,
 };
};
{
 B:1;
 T:1.566666;
 M{
  0.979695,0.073067,0.186707,0.000000,0.069372,0.750174,-0.657591,0.000000,-0.188111,0.657191,0.729873,0.000000,0.000000,1.000000,0.000000,1.000000,
 };
};
{
 B:0;
 T:1.583333;
 M{
  1.000000,0.000000,0.000000,0.000000,0.000000,-0.000000,1.000000,0.000000,0.000000,-1.000000,-0.000000,0.000000,0.000000,0.000000,0.000000,1.000000,
 };
};
{
 B:1;
 T:1.583333;
 M{
  0.980465,0.070290,0.183707,0.000000,0.066736,0.759693,-0.646848,0.000000,-0.185028,0.646472,0.740162,0.000000,0.000000,1.000000,0.000000,1.000000,
 };
};
{
 B:0;
 T:1.599999;
 M{
  1.000000,0.000000,0.000000,0.000000,0.000000,-0.000000,1.000000,0.000000,0.000000,-1.000000,-0.000000,0.000000,0.000000,0.000000,0.000000,1.000000,
 };
};
{
 B:1;
 T:1.599999;
 M{
  0.981282,0.067445,0.180378,0.000000,0.063860,0.769700,-0.635203,0.000000,-0.181678,0.634833,0.750986,0.000000,0.000000,1.000000,0.000000,1.000000,
 };
};
{
 B:0;
 T:1.616666;
 M{
  1.000000,0.000000,0.000000,0.000000,0.000000,-0.000000,1.000000,0.000000,0.000000,-1.000000,-0.000000,0.000000,0.000000,0.000000,0.000000,1.000000,
 };
};
{
 B:1;
 T:1.616666;
 M{
  0.982080,0.064595,0.177047,0.000000,0.061107,0.779535,-0.623370,0.000000,-0.178281,0.623019,0.761619,0.000000,0.000000,1.000000,0.000000,1.000000,
 };
};
{
 B:0;
 T:1.633332;
 M{
  1.000000,0.000000,0.000000,0.000000,0.000000,-0.000000,1.000000,0.000000,0.000000,-1.000000,-0.000000,0.000000,0.000000,0.000000,0.000000,1.000000,
 };
};
{
 B:1;
 T:1.633332;
 M{
  0.982886,0.061738,0.173558,0.000000,0.058309,0.789450,-0.611038,0.000000,-0.174740,0.610702,0.772340,0.000000,0.000000,1.000000,0.000000,1.000000,
 };
};
{
 B:0;
 T:1.649999;
 M{
  1.000000,0.000000,0.000000,0.000000,0.000000,-0.000000,1.000000,0.000000,0.000000,-1.000000,-0.000000,0.000000,0.000000,0.000000,0.000000,1.000000,
 };
};
{
 B:1;
 T:1.649999;
 M{
  0.983699,0.058874,0.169913,0.000000,0.055480,0.799428,-0.598195,0.000000,-0.171051,0.597871,0.783130,0.000000,0.000000,1.000000,0.000000,1.000000,
 };
};
{
 B:0;
 T:1.666666;
 M{
  1.000000,0.000000,0.000000,0.000000,0.000000,-0.000000,1.000000,0.000000,0.000000,-1.000000,-0.000000,0.000000,0.000000,0.000000,0.000000,1.000000,
 };
};
{
 B:1;
 T:1.666666;
 M{
  0.984489,0.056005,0.166265,0.000000,0.052790,0.809202,-0.585154,0.000000,-0.167313,0.584855,0.793694,0.000000,0.000000,1.000000,0.000000,1.000000,
 };
};
{
 B:0;
 T:1.683332;
 M{
  1.000000,0.000000,0.000000,0.000000,0.000000,-0.000000,1.000000,0.000000,0.000000,-1.000000,-0.000000,0.000000,0.000000,0.000000,0.000000,1.000000,
 };
};
{
 B:1;
 T:1.683332;
 M{
  0.985302,0.053182,0.162330,0.000000,0.049925,0.819152,-0.571399,0.000000,-0.163362,0.571105,0.804457,0.000000,0.000000,1.000000,0.000000,1.000000,
 };
};
{
 B:0;
 T:1.699999;
 M{
  1.000000,0.000000,0.000000,0.000000,0.000000,-0.000000,1.000000,0.000000,0.000000,-1.000000,-0.000000,0.000000,0.000000,0.000000,0.000000,1.000000,
 };
};
{
 B:1;
 T:1.699999;
 M{
  0.986091,0.050355,0.158393,0.000000,0.047213,0.828875,-0.557437,0.000000,-0.159358,0.557162,0.814969,0.000000,0.000000,1.000000,0.000000,1.000000,
 };
};
{
 B:0;
 T:1.716666;
 M{
  1.000000,0.000000,0.000000,0.000000,0.000000,-0.000000,1.000000,0.000000,0.000000,-1.000000,-0.000000,0.000000,0.000000,0.000000,0.000000,1.000000,
 };
};
{
 B:1;
 T:1.716666;
 M{
  0.986874,0.047574,0.154328,0.000000,0.044506,0.838501,-0.543080,0.000000,-0.155240,0.542819,0.825377,0.000000,0.000000,1.000000,0.000000,1.000000,
 };
};
{
 B:0;
 T:1.733332;
 M{
  1.000000,0.000000,0.000000,0.000000,0.000000,-0.000000,1.000000,0.000000,0.000000,-1.000000,-0.000000,0.000000,0.000000,0.000000,0.000000,1.000000,
 };
};
{
 B:1;
 T:1.733332;
 M{
  0.987648,0.044840,0.150134,0.000000,0.041810,0.848015,-0.528321,0.000000,-0.151006,0.528072,0.835665,0.000000,0.000000,1.000000,0.000000,1.000000,
 };
};
{
 B:0;
 T:1.749999;
 M{
  1.000000,0.000000,0.000000,0.000000,0.000000,-0.000000,1.000000,0.000000,0.000000,-1.000000,-0.000000,0.000000,0.000000,0.000000,0.000000,1.000000,
 };
};
{
 B:1;
 T:1.749999;
 M{
  0.988397,0.042102,0.145938,0.000000,0.039281,0.857275,-0.513358,0.000000,-0.146723,0.513134,0.845675,0.000000,0.000000,1.000000,0.000000,1.000000,
 };
};
{
 B:0;
 T:1.766666;
 M{
  1.000000,0.000000,0.000000,0.000000,0.000000,-0.000000,1.000000,0.000000,0.000000,-1.000000,-0.000000,0.000000,0.000000,0.000000,0.000000,1.000000,
 };
};
{
 B:1;
 T:1.766666;
 M{
  0.989145,0.039509,0.141529,0.000000,0.036639,0.866435,-0.497944,0.000000,-0.142299,0.497724,0.855582,0.000000,0.000000,1.000000,0.000000,1.000000,
 };
};
{
 B:0;
 T:1.783332;
 M{
  1.000000,0.000000,0.000000,0.000000,0.000000,-0.000000,1.000000,0.000000,0.000000,-1.000000,-0.000000,0.000000,0.000000,0.000000,0.000000,1.000000,
 };
};
{
 B:1;
 T:1.783332;
 M{
  0.989867,0.036912,0.137118,0.000000,0.034172,0.875323,-0.482329,0.000000,-0.137826,0.482127,0.865192,0.000000,0.000000,1.000000,0.000000,1.000000,
 };
};
{
 B:0;
 T:1.799999;
 M{
  1.000000,0.000000,0.000000,0.000000,0.000000,-0.000000,1.000000,0.000000,0.000000,-1.000000,-0.000000,0.000000,0.000000,0.000000,0.000000,1.000000,
 };
};
{
 B:1;
 T:1.799999;
 M{
  0.990569,0.034405,0.132623,0.000000,0.031751,0.883968,-0.466468,0.000000,-0.133283,0.466280,0.874539,0.000000,0.000000,1.000000,0.000000,1.000000,
 };
};
{
 B:0;
 T:1.816666;
 M{
  1.000000,0.000000,0.000000,0.000000,0.000000,-0.000000,1.000000,0.000000,0.000000,-1.000000,-0.000000,0.000000,0.000000,0.000000,0.000000,1.000000,
 };
};
{
 B:1;
 T:1.816666;
 M{
